Time(yr)	Coordinate	Uncertainty
2019.0014	2.03072	0.5
2019.0041	0.11335	0.5
2019.0068	3.07248	0.5
2019.0096	-1.06996	0.5
2019.0123	-3.71647	0.5
2019.0151	-0.13833	0.5
2019.0178	-0.16145	0.5
2019.0205	-2.3527	0.5
2019.0233	-0.06187	0.5
2019.0260	1.18304	0.5
2019.0288	-1.25983	0.5
2019.0315	-1.22582	0.5
2019.0342	1.14453	0.5
2019.0370	-1.29944	0.5
2019.0397	-3.01945	0.5
2019.0425	-0.4316	0.5
2019.0452	-1.07361	0.5
2019.0479	-0.76825	0.5
2019.0507	1.84779	0.5
2019.0534	4.16746	0.5
2019.0562	5.5009	0.5
2019.0589	0.01375	0.5
2019.0616	1.23508	0.5
2019.0644	0.10548	0.5
2019.0671	4.23024	0.5
2019.0699	-0.48617	0.5
2019.0726	1.25909	0.5
2019.0753	0.91924	0.5
2019.0781	3.92789	0.5
2019.0808	3.74044	0.5
2019.0836	3.16905	0.5
2019.0863	0.82588	0.5
2019.0890	2.95844	0.5
2019.0918	4.0036	0.5
2019.0945	3.72239	0.5
2019.0973	4.12599	0.5
2019.1000	2.43648	0.5
2019.1027	-0.52866	0.5
2019.1055	0.86694	0.5
2019.1082	-0.43627	0.5
2019.1110	-0.36023	0.5
2019.1137	0.34125	0.5
2019.1164	-2.56563	0.5
2019.1192	0.91681	0.5
2019.1219	-1.2029	0.5
2019.1247	-0.64569	0.5
2019.1274	-1.13996	0.5
2019.1301	1.58447	0.5
2019.1329	0.08314	0.5
2019.1356	0.22005	0.5
2019.1384	1.40639	0.5
2019.1411	-2.15664	0.5
2019.1438	2.12988	0.5
2019.1466	0.64659	0.5
2019.1493	2.20351	0.5
2019.1521	5.03599	0.5
2019.1548	3.64278	0.5
2019.1575	-0.04958	0.5
2019.1603	2.63541	0.5
2019.1630	1.26497	0.5
2019.1658	1.19482	0.5
2019.1685	3.453	0.5
2019.1712	3.29927	0.5
2019.1740	3.12141	0.5
2019.1767	2.65394	0.5
2019.1795	4.14922	0.5
2019.1822	3.01134	0.5
2019.1849	5.00975	0.5
2019.1877	1.26396	0.5
2019.1904	0.62354	0.5
2019.1931	-3.37582	0.5
2019.1959	1.89799	0.5
2019.1986	4.87072	0.5
2019.2014	2.69212	0.5
2019.2041	-0.93083	0.5
2019.2068	0.59452	0.5
2019.2096	4.09925	0.5
2019.2123	1.42087	0.5
2019.2151	2.11709	0.5
2019.2178	3.89371	0.5
2019.2205	4.44413	0.5
2019.2233	8.36774	0.5
2019.2260	5.82646	0.5
2019.2288	4.12728	0.5
2019.2315	4.99761	0.5
2019.2342	2.88975	0.5
2019.2370	2.21232	0.5
2019.2397	2.75124	0.5
2019.2425	3.22789	0.5
2019.2452	1.13346	0.5
2019.2479	1.65472	0.5
2019.2507	5.32686	0.5
2019.2534	2.50207	0.5
2019.2562	3.94577	0.5
2019.2589	0.75043	0.5
2019.2616	3.59634	0.5
2019.2644	3.58497	0.5
2019.2671	4.23337	0.5
2019.2699	3.66049	0.5
2019.2726	2.08904	0.5
2019.2753	-1.55983	0.5
2019.2781	3.00935	0.5
2019.2808	4.23423	0.5
2019.2836	1.86464	0.5
2019.2863	2.63482	0.5
2019.2890	1.93631	0.5
2019.2918	1.03731	0.5
2019.2945	3.41688	0.5
2019.2973	2.93446	0.5
2019.3000	4.14237	0.5
2019.3027	3.73578	0.5
2019.3055	1.87794	0.5
2019.3082	1.60518	0.5
2019.3110	2.62783	0.5
2019.3137	5.43264	0.5
2019.3164	1.86791	0.5
2019.3192	1.78313	0.5
2019.3219	2.91654	0.5
2019.3247	4.08371	0.5
2019.3274	4.02535	0.5
2019.3301	0.7824	0.5
2019.3329	2.66186	0.5
2019.3356	2.48303	0.5
2019.3384	0.90519	0.5
2019.3411	-0.7149	0.5
2019.3438	1.32666	0.5
2019.3466	0.73935	0.5
2019.3493	1.93009	0.5
2019.3521	3.74987	0.5
2019.3548	2.33308	0.5
2019.3575	2.70542	0.5
2019.3603	2.86023	0.5
2019.3630	-0.23299	0.5
2019.3658	-1.33717	0.5
2019.3685	3.26838	0.5
2019.3712	0.54421	0.5
2019.3740	2.19826	0.5
2019.3767	2.80427	0.5
2019.3795	2.90474	0.5
2019.3822	1.78213	0.5
2019.3849	0.6432	0.5
2019.3877	1.81377	0.5
2019.3904	2.37869	0.5
2019.3931	1.46089	0.5
2019.3959	2.64903	0.5
2019.3986	0.54515	0.5
2019.4014	3.83319	0.5
2019.4041	5.29978	0.5
2019.4068	3.31646	0.5
2019.4096	5.23674	0.5
2019.4123	2.38366	0.5
2019.4151	2.75533	0.5
2019.4178	1.62491	0.5
2019.4205	1.06438	0.5
2019.4233	2.65567	0.5
2019.4260	0.43343	0.5
2019.4288	-0.46987	0.5
2019.4315	3.86519	0.5
2019.4342	0.01085	0.5
2019.4370	1.7078	0.5
2019.4397	0.83746	0.5
2019.4425	4.27429	0.5
2019.4452	2.91125	0.5
2019.4479	5.08146	0.5
2019.4507	1.46744	0.5
2019.4534	1.58497	0.5
2019.4562	0.21822	0.5
2019.4589	1.41788	0.5
2019.4616	-1.24819	0.5
2019.4644	0.93881	0.5
2019.4671	-0.78853	0.5
2019.4699	1.77606	0.5
2019.4726	1.38751	0.5
2019.4753	4.89828	0.5
2019.4781	2.94777	0.5
2019.4808	4.52928	0.5
2019.4836	4.73598	0.5
2019.4863	0.865	0.5
2019.4890	4.36879	0.5
2019.4918	0.80953	0.5
2019.4945	3.08459	0.5
2019.4973	3.36022	0.5
2019.5000	2.13182	0.5
2019.5027	4.18114	0.5
2019.5055	5.15769	0.5
2019.5082	2.58269	0.5
2019.5110	3.31431	0.5
2019.5137	0.30734	0.5
2019.5164	4.66209	0.5
2019.5192	-0.1909	0.5
2019.5219	1.17253	0.5
2019.5247	-0.47964	0.5
2019.5274	2.43011	0.5
2019.5301	0.1959	0.5
2019.5329	3.41537	0.5
2019.5356	4.0609	0.5
2019.5384	0.06464	0.5
2019.5411	3.51867	0.5
2019.5438	1.82745	0.5
2019.5466	6.59316	0.5
2019.5493	4.06909	0.5
2019.5521	1.19691	0.5
2019.5548	2.32508	0.5
2019.5575	3.08607	0.5
2019.5603	6.53006	0.5
2019.5630	7.40756	0.5
2019.5658	5.10172	0.5
2019.5685	4.00019	0.5
2019.5712	4.50783	0.5
2019.5740	7.49811	0.5
2019.5767	5.60465	0.5
2019.5795	5.49499	0.5
2019.5822	3.706	0.5
2019.5849	4.42694	0.5
2019.5877	7.92763	0.5
2019.5904	5.67819	0.5
2019.5931	3.64695	0.5
2019.5959	4.44996	0.5
2019.5986	4.83788	0.5
2019.6014	5.69196	0.5
2019.6041	5.03675	0.5
2019.6068	2.71649	0.5
2019.6096	1.13545	0.5
2019.6123	6.88482	0.5
2019.6151	3.27667	0.5
2019.6178	6.24786	0.5
2019.6205	4.94075	0.5
2019.6233	3.44501	0.5
2019.6260	2.10932	0.5
2019.6288	5.60797	0.5
2019.6315	6.85776	0.5
2019.6342	7.28237	0.5
2019.6370	7.01201	0.5
2019.6397	4.1343	0.5
2019.6425	5.40241	0.5
2019.6452	7.14339	0.5
2019.6479	5.84042	0.5
2019.6507	2.79976	0.5
2019.6534	3.42296	0.5
2019.6562	2.67358	0.5
2019.6589	6.01731	0.5
2019.6616	2.15661	0.5
2019.6644	4.90989	0.5
2019.6671	6.40843	0.5
2019.6699	2.46643	0.5
2019.6726	4.13091	0.5
2019.6753	6.25802	0.5
2019.6781	6.83984	0.5
2019.6808	4.88751	0.5
2019.6836	6.98066	0.5
2019.6863	5.29261	0.5
2019.6890	5.16539	0.5
2019.6918	4.43545	0.5
2019.6945	3.86933	0.5
2019.6973	4.61041	0.5
2019.7000	6.36615	0.5
2019.7027	1.44454	0.5
2019.7055	6.46214	0.5
2019.7082	6.57716	0.5
2019.7110	1.6903	0.5
2019.7137	1.25621	0.5
2019.7164	5.98578	0.5
2019.7192	6.48612	0.5
2019.7219	4.8213	0.5
2019.7247	4.25145	0.5
2019.7274	5.19619	0.5
2019.7301	6.79301	0.5
2019.7329	5.3058	0.5
2019.7356	3.7794	0.5
2019.7384	6.22237	0.5
2019.7411	3.88912	0.5
2019.7438	3.86146	0.5
2019.7466	6.37427	0.5
2019.7493	6.14645	0.5
2019.7521	2.63146	0.5
2019.7548	6.70875	0.5
2019.7575	2.08211	0.5
2019.7603	4.4522	0.5
2019.7630	8.00646	0.5
2019.7658	4.40846	0.5
2019.7685	7.0858	0.5
2019.7712	6.60581	0.5
2019.7740	5.0318	0.5
2019.7767	5.05572	0.5
2019.7795	4.14577	0.5
2019.7822	3.38747	0.5
2019.7849	3.39373	0.5
2019.7877	7.16787	0.5
2019.7904	6.44593	0.5
2019.7931	5.84536	0.5
2019.7959	7.46789	0.5
2019.7986	1.95827	0.5
2019.8014	4.35306	0.5
2019.8041	3.60641	0.5
2019.8068	4.08615	0.5
2019.8096	1.45384	0.5
2019.8123	2.90267	0.5
2019.8151	3.33915	0.5
2019.8178	4.07385	0.5
2019.8205	3.85746	0.5
2019.8233	4.03563	0.5
2019.8260	4.37895	0.5
2019.8288	5.1656	0.5
2019.8315	3.30585	0.5
2019.8342	5.35977	0.5
2019.8370	4.10687	0.5
2019.8397	3.39786	0.5
2019.8425	4.41751	0.5
2019.8452	3.90102	0.5
2019.8479	6.08401	0.5
2019.8507	7.37074	0.5
2019.8534	10.15173	0.5
2019.8562	5.6438	0.5
2019.8589	6.74982	0.5
2019.8616	5.57049	0.5
2019.8644	4.97777	0.5
2019.8671	5.69686	0.5
2019.8699	3.23214	0.5
2019.8726	1.4634	0.5
2019.8753	6.48665	0.5
2019.8781	1.60462	0.5
2019.8808	5.95855	0.5
2019.8836	2.45291	0.5
2019.8863	2.46856	0.5
2019.8890	3.94935	0.5
2019.8918	2.81067	0.5
2019.8945	4.54924	0.5
2019.8973	5.08279	0.5
2019.9000	3.53098	0.5
2019.9027	4.63333	0.5
2019.9055	3.8907	0.5
2019.9082	5.52616	0.5
2019.9110	3.67522	0.5
2019.9137	2.89486	0.5
2019.9164	8.92383	0.5
2019.9192	4.43158	0.5
2019.9219	4.84312	0.5
2019.9247	6.28686	0.5
2019.9274	4.71539	0.5
2019.9301	6.9266	0.5
2019.9329	3.0688	0.5
2019.9356	2.63612	0.5
2019.9384	4.78159	0.5
2019.9411	6.26024	0.5
2019.9438	6.06599	0.5
2019.9466	2.71019	0.5
2019.9493	4.84768	0.5
2019.9521	7.2737	0.5
2019.9548	8.12078	0.5
2019.9575	5.58273	0.5
2019.9603	5.97548	0.5
2019.9630	6.15357	0.5
2019.9658	4.49005	0.5
2019.9685	6.72802	0.5
2019.9712	3.15737	0.5
2019.9740	3.16934	0.5
2019.9767	5.18319	0.5
2019.9795	6.48489	0.5
2019.9822	0.68015	0.5
2019.9849	8.00676	0.5
2019.9877	5.86679	0.5
2019.9904	5.26573	0.5
2019.9931	4.17871	0.5
2019.9959	7.14657	0.5
2019.9986	4.41233	0.5
2020.0014	7.92542	0.5
2020.0041	5.72066	0.5
2020.0068	5.77001	0.5
2020.0096	6.32952	0.5
2020.0123	6.5516	0.5
2020.0150	5.14362	0.5
2020.0178	1.50106	0.5
2020.0205	7.9786	0.5
2020.0232	7.55381	0.5
2020.0260	6.14788	0.5
2020.0287	3.55651	0.5
2020.0314	3.73104	0.5
2020.0342	5.44628	0.5
2020.0369	8.00018	0.5
2020.0396	6.5265	0.5
2020.0423	3.64295	0.5
2020.0451	4.12524	0.5
2020.0478	3.74532	0.5
2020.0505	6.81912	0.5
2020.0533	2.17085	0.5
2020.0560	4.51147	0.5
2020.0587	3.02184	0.5
2020.0615	3.8703	0.5
2020.0642	5.46158	0.5
2020.0669	4.86772	0.5
2020.0697	3.49049	0.5
2020.0724	3.09364	0.5
2020.0751	5.48418	0.5
2020.0779	5.39503	0.5
2020.0806	6.12777	0.5
2020.0833	4.30841	0.5
2020.0861	2.61171	0.5
2020.0888	3.09746	0.5
2020.0915	9.21005	0.5
2020.0943	5.95504	0.5
2020.0970	4.91271	0.5
2020.0997	10.96372	0.5
2020.1025	7.6399	0.5
2020.1052	6.37899	0.5
2020.1079	7.40741	0.5
2020.1107	4.53725	0.5
2020.1134	6.2328	0.5
2020.1161	3.77342	0.5
2020.1189	6.01312	0.5
2020.1216	4.17369	0.5
2020.1243	4.03583	0.5
2020.1270	1.43731	0.5
2020.1298	6.17436	0.5
2020.1325	4.33538	0.5
2020.1352	6.30075	0.5
2020.1380	6.78309	0.5
2020.1407	6.5107	0.5
2020.1434	5.28753	0.5
2020.1462	4.22328	0.5
2020.1489	8.09089	0.5
2020.1516	8.77913	0.5
2020.1544	7.71138	0.5
2020.1571	7.17602	0.5
2020.1598	1.80916	0.5
2020.1626	4.53801	0.5
2020.1653	7.69854	0.5
2020.1680	7.51612	0.5
2020.1708	5.11386	0.5
2020.1735	4.25839	0.5
2020.1762	5.96782	0.5
2020.1790	5.19402	0.5
2020.1817	6.49845	0.5
2020.1844	6.9902	0.5
2020.1872	7.37996	0.5
2020.1899	5.93041	0.5
2020.1926	7.32365	0.5
2020.1954	4.83004	0.5
2020.1981	4.60634	0.5
2020.2008	6.58256	0.5
2020.2036	8.75325	0.5
2020.2063	4.29762	0.5
2020.2090	6.81645	0.5
2020.2117	6.43746	0.5
2020.2145	5.38587	0.5
2020.2172	6.62297	0.5
2020.2199	5.03284	0.5
2020.2227	7.56883	0.5
2020.2254	7.1692	0.5
2020.2281	5.22031	0.5
2020.2309	9.46613	0.5
2020.2336	7.67824	0.5
2020.2363	5.80251	0.5
2020.2391	7.07774	0.5
2020.2418	6.99642	0.5
2020.2445	7.96783	0.5
2020.2473	7.51106	0.5
2020.2500	6.71237	0.5
2020.2527	5.17863	0.5
2020.2555	8.34331	0.5
2020.2582	6.16472	0.5
2020.2609	9.23466	0.5
2020.2637	5.81942	0.5
2020.2664	7.26274	0.5
2020.2691	9.97886	0.5
2020.2719	7.40417	0.5
2020.2746	7.05732	0.5
2020.2773	11.06208	0.5
2020.2801	6.32101	0.5
2020.2828	6.90774	0.5
2020.2855	6.56199	0.5
2020.2883	9.72071	0.5
2020.2910	9.00653	0.5
2020.2937	10.70147	0.5
2020.2964	5.27338	0.5
2020.2992	11.19393	0.5
2020.3019	9.15796	0.5
2020.3046	10.0702	0.5
2020.3074	8.07204	0.5
2020.3101	11.42028	0.5
2020.3128	8.64626	0.5
2020.3156	11.18426	0.5
2020.3183	7.44379	0.5
2020.3210	11.11486	0.5
2020.3238	13.08727	0.5
2020.3265	7.97703	0.5
2020.3292	9.81555	0.5
2020.3320	12.15007	0.5
2020.3347	8.97633	0.5
2020.3374	11.41138	0.5
2020.3402	9.96148	0.5
2020.3429	9.78252	0.5
2020.3456	10.53442	0.5
2020.3484	12.78089	0.5
2020.3511	7.72629	0.5
2020.3538	8.29731	0.5
2020.3566	9.08874	0.5
2020.3593	8.04869	0.5
2020.3620	7.7816	0.5
2020.3648	7.63201	0.5
2020.3675	10.33115	0.5
2020.3702	6.62573	0.5
2020.3729	11.97519	0.5
2020.3757	10.02994	0.5
2020.3784	9.30288	0.5
2020.3811	11.0404	0.5
2020.3839	13.04628	0.5
2020.3866	12.22349	0.5
2020.3893	10.55956	0.5
2020.3921	5.40811	0.5
2020.3948	8.68909	0.5
2020.3975	10.6509	0.5
2020.4003	6.41691	0.5
2020.4030	7.27614	0.5
2020.4057	7.2009	0.5
2020.4085	7.61729	0.5
2020.4112	11.551	0.5
2020.4139	10.3571	0.5
2020.4167	11.44891	0.5
2020.4194	10.62061	0.5
2020.4221	10.23185	0.5
2020.4249	10.18114	0.5
2020.4276	8.31188	0.5
2020.4303	11.66027	0.5
2020.4331	8.1235	0.5
2020.4358	8.40777	0.5
2020.4385	10.00563	0.5
2020.4413	7.07353	0.5
2020.4440	9.12849	0.5
2020.4467	9.04065	0.5
2020.4495	8.92859	0.5
2020.4522	7.32893	0.5
2020.4549	9.03517	0.5
2020.4577	7.29728	0.5
2020.4604	5.63106	0.5
2020.4631	6.39865	0.5
2020.4658	9.86043	0.5
2020.4686	9.47623	0.5
2020.4713	5.29105	0.5
2020.4740	6.82677	0.5
2020.4768	4.88404	0.5
2020.4795	7.60507	0.5
2020.4822	9.13968	0.5
2020.4850	8.65941	0.5
2020.4877	8.48625	0.5
2020.4904	6.83084	0.5
2020.4932	10.2486	0.5
2020.4959	8.9965	0.5
2020.4986	5.00639	0.5
2020.5014	8.32508	0.5
2020.5041	6.34977	0.5
2020.5068	8.48818	0.5
2020.5096	11.53822	0.5
2020.5123	10.40753	0.5
2020.5150	11.09237	0.5
2020.5178	10.63127	0.5
2020.5205	8.43021	0.5
2020.5232	4.72306	0.5
2020.5260	7.35189	0.5
2020.5287	4.47795	0.5
2020.5314	8.25453	0.5
2020.5342	8.89898	0.5
2020.5369	10.37696	0.5
2020.5396	9.24572	0.5
2020.5423	11.29849	0.5
2020.5451	9.39813	0.5
2020.5478	9.78539	0.5
2020.5505	9.25399	0.5
2020.5533	7.95473	0.5
2020.5560	6.94888	0.5
2020.5587	8.66221	0.5
2020.5615	9.71992	0.5
2020.5642	7.53604	0.5
2020.5669	6.87666	0.5
2020.5697	10.01247	0.5
2020.5724	10.95068	0.5
2020.5751	8.40872	0.5
2020.5779	4.90594	0.5
2020.5806	8.85129	0.5
2020.5833	8.31251	0.5
2020.5861	6.62518	0.5
2020.5888	10.73269	0.5
2020.5915	8.56466	0.5
2020.5943	6.17545	0.5
2020.5970	6.14696	0.5
2020.5997	8.40949	0.5
2020.6025	6.47689	0.5
2020.6052	9.39783	0.5
2020.6079	6.35816	0.5
2020.6107	7.50771	0.5
2020.6134	2.06132	0.5
2020.6161	3.52421	0.5
2020.6189	6.40756	0.5
2020.6216	8.1295	0.5
2020.6243	5.04703	0.5
2020.6270	7.08327	0.5
2020.6298	5.05628	0.5
2020.6325	6.94733	0.5
2020.6352	8.7125	0.5
2020.6380	6.24544	0.5
2020.6407	8.49352	0.5
2020.6434	7.83269	0.5
2020.6462	7.13182	0.5
2020.6489	10.94742	0.5
2020.6516	10.71585	0.5
2020.6544	9.29215	0.5
2020.6571	8.09671	0.5
2020.6598	4.05022	0.5
2020.6626	9.19977	0.5
2020.6653	3.71262	0.5
2020.6680	6.9362	0.5
2020.6708	7.75703	0.5
2020.6735	5.77758	0.5
2020.6762	7.73391	0.5
2020.6790	6.38108	0.5
2020.6817	8.10537	0.5
2020.6844	12.32248	0.5
2020.6872	10.85085	0.5
2020.6899	8.9786	0.5
2020.6926	8.33668	0.5
2020.6954	9.7636	0.5
2020.6981	7.68014	0.5
2020.7008	5.14113	0.5
2020.7036	7.73108	0.5
2020.7063	8.92178	0.5
2020.7090	8.18638	0.5
2020.7117	12.09043	0.5
2020.7145	10.42697	0.5
2020.7172	8.33945	0.5
2020.7199	11.56729	0.5
2020.7227	10.57385	0.5
2020.7254	8.9484	0.5
2020.7281	10.25039	0.5
2020.7309	11.44332	0.5
2020.7336	11.10374	0.5
2020.7363	9.99332	0.5
2020.7391	10.57174	0.5
2020.7418	8.70979	0.5
2020.7445	10.91929	0.5
2020.7473	12.28526	0.5
2020.7500	8.77054	0.5
2020.7527	10.01582	0.5
2020.7555	7.56722	0.5
2020.7582	6.63415	0.5
2020.7609	12.11909	0.5
2020.7637	10.21831	0.5
2020.7664	9.95254	0.5
2020.7691	13.41539	0.5
2020.7719	10.33617	0.5
2020.7746	8.9571	0.5
2020.7773	10.19444	0.5
2020.7801	13.86144	0.5
2020.7828	10.31635	0.5
2020.7855	11.52689	0.5
2020.7883	12.23508	0.5
2020.7910	8.49487	0.5
2020.7937	8.67651	0.5
2020.7964	7.16118	0.5
2020.7992	9.92069	0.5
2020.8019	9.82002	0.5
2020.8046	8.10309	0.5
2020.8074	8.64603	0.5
2020.8101	7.73847	0.5
2020.8128	10.76927	0.5
2020.8156	11.24071	0.5
2020.8183	8.76836	0.5
2020.8210	8.1783	0.5
2020.8238	7.08847	0.5
2020.8265	10.09617	0.5
2020.8292	10.23976	0.5
2020.8320	9.66611	0.5
2020.8347	10.73818	0.5
2020.8374	10.89536	0.5
2020.8402	11.35705	0.5
2020.8429	8.33629	0.5
2020.8456	10.11551	0.5
2020.8484	10.22714	0.5
2020.8511	8.37127	0.5
2020.8538	11.18666	0.5
2020.8566	9.74551	0.5
2020.8593	9.30993	0.5
2020.8620	13.36995	0.5
2020.8648	8.80614	0.5
2020.8675	13.15504	0.5
2020.8702	13.52316	0.5
2020.8729	14.69392	0.5
2020.8757	10.14133	0.5
2020.8784	13.08417	0.5
2020.8811	12.96997	0.5
2020.8839	10.58731	0.5
2020.8866	9.95705	0.5
2020.8893	12.90489	0.5
2020.8921	9.16506	0.5
2020.8948	13.58982	0.5
2020.8975	6.82793	0.5
2020.9003	11.82088	0.5
2020.9030	9.30415	0.5
2020.9057	7.07399	0.5
2020.9085	12.2825	0.5
2020.9112	7.8683	0.5
2020.9139	7.94501	0.5
2020.9167	10.42069	0.5
2020.9194	13.26034	0.5
2020.9221	13.27779	0.5
2020.9249	9.78868	0.5
2020.9276	14.26963	0.5
2020.9303	10.28548	0.5
2020.9331	10.77959	0.5
2020.9358	13.49805	0.5
2020.9385	13.70231	0.5
2020.9413	11.90999	0.5
2020.9440	10.02814	0.5
2020.9467	10.86189	0.5
2020.9495	9.03712	0.5
2020.9522	9.85365	0.5
2020.9549	8.97908	0.5
2020.9577	11.17106	0.5
2020.9604	10.41842	0.5
2020.9631	7.29465	0.5
2020.9658	8.09807	0.5
2020.9686	9.36205	0.5
2020.9713	9.90554	0.5
2020.9740	11.92527	0.5
2020.9768	7.85148	0.5
2020.9795	9.29726	0.5
2020.9822	12.15878	0.5
2020.9850	8.65431	0.5
2020.9877	6.09149	0.5
2020.9904	9.78856	0.5
2020.9932	7.66954	0.5
2020.9959	7.90317	0.5
2020.9986	9.62858	0.5
2021.0014	8.8258	0.5
2021.0041	9.85689	0.5
2021.0068	9.34038	0.5
2021.0096	12.39127	0.5
2021.0123	8.07459	0.5
2021.0151	9.31387	0.5
2021.0178	7.77779	0.5
2021.0205	6.86212	0.5
2021.0233	10.28181	0.5
2021.0260	10.09415	0.5
2021.0288	9.79473	0.5
2021.0315	10.93484	0.5
2021.0342	7.75376	0.5
2021.0370	12.16754	0.5
2021.0397	9.04942	0.5
2021.0425	9.88963	0.5
2021.0452	6.05481	0.5
2021.0479	6.68258	0.5
2021.0507	9.83695	0.5
2021.0534	8.71076	0.5
2021.0562	6.98441	0.5
2021.0589	8.73181	0.5
2021.0616	8.8934	0.5
2021.0644	7.69841	0.5
2021.0671	9.18898	0.5
2021.0699	9.64697	0.5
2021.0726	10.11975	0.5
2021.0753	7.94913	0.5
2021.0781	13.18779	0.5
2021.0808	9.86102	0.5
2021.0836	8.2631	0.5
2021.0863	6.49967	0.5
2021.0890	11.35035	0.5
2021.0918	10.98456	0.5
2021.0945	9.10826	0.5
2021.0973	10.4873	0.5
2021.1000	11.75638	0.5
2021.1027	11.66845	0.5
2021.1055	5.88493	0.5
2021.1082	9.00725	0.5
2021.1110	8.82874	0.5
2021.1137	10.81254	0.5
2021.1164	10.47364	0.5
2021.1192	13.75895	0.5
2021.1219	12.81153	0.5
2021.1247	11.07236	0.5
2021.1274	8.5353	0.5
2021.1301	12.92767	0.5
2021.1329	9.21048	0.5
2021.1356	13.09893	0.5
2021.1384	12.92931	0.5
2021.1411	13.21799	0.5
2021.1438	10.44866	0.5
2021.1466	13.34164	0.5
2021.1493	9.20632	0.5
2021.1521	10.38727	0.5
2021.1548	7.68007	0.5
2021.1575	9.39237	0.5
2021.1603	6.75145	0.5
2021.1630	10.19691	0.5
2021.1658	12.98189	0.5
2021.1685	11.92114	0.5
2021.1712	9.98898	0.5
2021.1740	8.97634	0.5
2021.1767	11.40338	0.5
2021.1795	12.33578	0.5
2021.1822	10.35307	0.5
2021.1849	15.22174	0.5
2021.1877	10.92192	0.5
2021.1904	7.86959	0.5
2021.1931	11.56965	0.5
2021.1959	10.10633	0.5
2021.1986	12.52436	0.5
2021.2014	9.2091	0.5
2021.2041	13.55568	0.5
2021.2068	12.00239	0.5
2021.2096	12.46216	0.5
2021.2123	9.71732	0.5
2021.2151	12.05368	0.5
2021.2178	14.32033	0.5
2021.2205	11.5793	0.5
2021.2233	11.47581	0.5
2021.2260	14.00173	0.5
2021.2288	11.6657	0.5
2021.2315	14.08962	0.5
2021.2342	9.2192	0.5
2021.2370	13.27856	0.5
2021.2397	10.78245	0.5
2021.2425	12.12174	0.5
2021.2452	14.1965	0.5
2021.2479	10.20668	0.5
2021.2507	9.75774	0.5
2021.2534	4.58402	0.5
2021.2562	9.72031	0.5
2021.2589	11.11912	0.5
2021.2616	9.82777	0.5
2021.2644	12.86357	0.5
2021.2671	9.86092	0.5
2021.2699	15.4432	0.5
2021.2726	11.03224	0.5
2021.2753	13.39123	0.5
2021.2781	17.12754	0.5
2021.2808	11.26137	0.5
2021.2836	12.57299	0.5
2021.2863	12.67348	0.5
2021.2890	10.54717	0.5
2021.2918	8.90374	0.5
2021.2945	11.45932	0.5
2021.2973	11.97618	0.5
2021.3000	11.68908	0.5
2021.3027	12.71778	0.5
2021.3055	13.83924	0.5
2021.3082	13.2874	0.5
2021.3110	12.62617	0.5
2021.3137	11.67692	0.5
2021.3164	8.77076	0.5
2021.3192	11.43669	0.5
2021.3219	11.68727	0.5
2021.3247	13.46846	0.5
2021.3274	12.54323	0.5
2021.3301	12.89555	0.5
2021.3329	14.65063	0.5
2021.3356	11.42392	0.5
2021.3384	12.51858	0.5
2021.3411	8.3413	0.5
2021.3438	9.82446	0.5
2021.3466	9.20783	0.5
2021.3493	12.20733	0.5
2021.3521	12.58664	0.5
2021.3548	11.03831	0.5
2021.3575	13.00499	0.5
2021.3603	12.36043	0.5
2021.3630	12.41871	0.5
2021.3658	12.81246	0.5
2021.3685	9.74286	0.5
2021.3712	10.25111	0.5
2021.3740	13.38153	0.5
2021.3767	11.95277	0.5
2021.3795	12.13455	0.5
2021.3822	13.59875	0.5
2021.3849	11.85328	0.5
2021.3877	12.05677	0.5
2021.3904	9.62854	0.5
2021.3931	11.86822	0.5
2021.3959	8.88621	0.5
2021.3986	13.364	0.5
2021.4014	10.69667	0.5
2021.4041	13.62686	0.5
2021.4068	12.9139	0.5
2021.4096	11.71249	0.5
2021.4123	11.78082	0.5
2021.4151	13.96422	0.5
2021.4178	13.45386	0.5
2021.4205	10.05708	0.5
2021.4233	9.1378	0.5
2021.4260	12.41704	0.5
2021.4288	13.61397	0.5
2021.4315	12.38966	0.5
2021.4342	16.2975	0.5
2021.4370	13.3196	0.5
2021.4397	15.89949	0.5
2021.4425	14.83285	0.5
2021.4452	15.11338	0.5
2021.4479	11.98382	0.5
2021.4507	14.40527	0.5
2021.4534	14.917	0.5
2021.4562	13.11273	0.5
2021.4589	10.36783	0.5
2021.4616	13.58459	0.5
2021.4644	11.19845	0.5
2021.4671	10.93002	0.5
2021.4699	12.0577	0.5
2021.4726	12.50576	0.5
2021.4753	11.81018	0.5
2021.4781	14.2864	0.5
2021.4808	8.86737	0.5
2021.4836	13.52205	0.5
2021.4863	9.54028	0.5
2021.4890	13.25046	0.5
2021.4918	11.19904	0.5
2021.4945	9.05311	0.5
2021.4973	10.14267	0.5
2021.5000	14.16772	0.5
2021.5027	11.86667	0.5
2021.5055	13.9188	0.5
2021.5082	13.24599	0.5
2021.5110	13.37002	0.5
2021.5137	11.95371	0.5
2021.5164	13.06702	0.5
2021.5192	12.09497	0.5
2021.5219	10.60287	0.5
2021.5247	16.29587	0.5
2021.5274	12.10425	0.5
2021.5301	15.72371	0.5
2021.5329	12.0894	0.5
2021.5356	7.87983	0.5
2021.5384	9.14791	0.5
2021.5411	10.96015	0.5
2021.5438	12.46663	0.5
2021.5466	14.14736	0.5
2021.5493	13.23203	0.5
2021.5521	12.94608	0.5
2021.5548	10.54683	0.5
2021.5575	13.22277	0.5
2021.5603	9.55659	0.5
2021.5630	9.81084	0.5
2021.5658	12.84136	0.5
2021.5685	9.43306	0.5
2021.5712	14.13242	0.5
2021.5740	8.19525	0.5
2021.5767	11.89609	0.5
2021.5795	12.08472	0.5
2021.5822	13.58166	0.5
2021.5849	14.24447	0.5
2021.5877	13.64728	0.5
2021.5904	16.0571	0.5
2021.5931	11.93742	0.5
2021.5959	10.34452	0.5
2021.5986	11.24272	0.5
2021.6014	13.30807	0.5
2021.6041	12.60765	0.5
2021.6068	11.35975	0.5
2021.6096	10.74297	0.5
2021.6123	9.63171	0.5
2021.6151	9.25429	0.5
2021.6178	7.90158	0.5
2021.6205	10.07966	0.5
2021.6233	8.30004	0.5
2021.6260	6.08143	0.5
2021.6288	3.59593	0.5
2021.6315	11.78385	0.5
2021.6342	10.19505	0.5
2021.6370	7.17737	0.5
2021.6397	7.7916	0.5
2021.6425	10.96073	0.5
2021.6452	13.07922	0.5
2021.6479	11.71031	0.5
2021.6507	12.11745	0.5
2021.6534	12.89444	0.5
2021.6562	10.60493	0.5
2021.6589	12.079	0.5
2021.6616	7.76595	0.5
2021.6644	5.21791	0.5
2021.6671	10.18719	0.5
2021.6699	8.81604	0.5
2021.6726	12.81472	0.5
2021.6753	14.22314	0.5
2021.6781	7.83696	0.5
2021.6808	10.7351	0.5
2021.6836	9.48995	0.5
2021.6863	9.90176	0.5
2021.6890	8.8213	0.5
2021.6918	8.32594	0.5
2021.6945	11.76551	0.5
2021.6973	10.53177	0.5
2021.7000	9.25353	0.5
2021.7027	6.09673	0.5
2021.7055	6.7301	0.5
2021.7082	6.25636	0.5
2021.7110	6.55193	0.5
2021.7137	7.21773	0.5
2021.7164	5.27932	0.5
2021.7192	8.56624	0.5
2021.7219	7.32679	0.5
2021.7247	8.99504	0.5
2021.7274	9.82786	0.5
2021.7301	8.21544	0.5
2021.7329	6.0957	0.5
2021.7356	10.21824	0.5
2021.7384	7.11226	0.5
2021.7411	8.21556	0.5
2021.7438	8.15209	0.5
2021.7466	10.32061	0.5
2021.7493	7.46756	0.5
2021.7521	8.29025	0.5
2021.7548	5.37753	0.5
2021.7575	9.32722	0.5
2021.7603	4.76084	0.5
2021.7630	6.05296	0.5
2021.7658	7.13358	0.5
2021.7685	10.48198	0.5
2021.7712	8.97585	0.5
2021.7740	6.94405	0.5
2021.7767	7.95541	0.5
2021.7795	8.4882	0.5
2021.7822	8.76703	0.5
2021.7849	8.4969	0.5
2021.7877	7.09433	0.5
2021.7904	9.3276	0.5
2021.7931	8.1261	0.5
2021.7959	6.00336	0.5
2021.7986	10.19396	0.5
2021.8014	4.45255	0.5
2021.8041	6.65608	0.5
2021.8068	6.2922	0.5
2021.8096	6.19597	0.5
2021.8123	7.79852	0.5
2021.8151	4.63707	0.5
2021.8178	8.93795	0.5
2021.8205	6.61812	0.5
2021.8233	5.42159	0.5
2021.8260	5.44073	0.5
2021.8288	5.6697	0.5
2021.8315	6.87851	0.5
2021.8342	5.97087	0.5
2021.8370	4.04824	0.5
2021.8397	4.32797	0.5
2021.8425	6.33274	0.5
2021.8452	5.37011	0.5
2021.8479	5.83528	0.5
2021.8507	5.16074	0.5
2021.8534	9.87364	0.5
2021.8562	6.68131	0.5
2021.8589	6.56781	0.5
2021.8616	7.61545	0.5
2021.8644	7.39855	0.5
2021.8671	9.02434	0.5
2021.8699	5.00281	0.5
2021.8726	8.38901	0.5
2021.8753	4.02468	0.5
2021.8781	4.15523	0.5
2021.8808	6.48871	0.5
2021.8836	4.39492	0.5
2021.8863	8.72026	0.5
2021.8890	5.49341	0.5
2021.8918	5.24731	0.5
2021.8945	2.86297	0.5
2021.8973	3.54943	0.5
2021.9000	-0.00214	0.5
2021.9027	6.1455	0.5
2021.9055	3.22526	0.5
2021.9082	7.40075	0.5
2021.9110	4.17883	0.5
2021.9137	8.41072	0.5
2021.9164	7.59269	0.5
2021.9192	5.98685	0.5
2021.9219	4.87516	0.5
2021.9247	7.79967	0.5
2021.9274	4.56081	0.5
2021.9301	9.00433	0.5
2021.9329	7.75351	0.5
2021.9356	8.20923	0.5
2021.9384	8.24675	0.5
2021.9411	6.65595	0.5
2021.9438	8.56661	0.5
2021.9466	10.83476	0.5
2021.9493	6.98765	0.5
2021.9521	7.80178	0.5
2021.9548	10.43225	0.5
2021.9575	7.95121	0.5
2021.9603	7.07079	0.5
2021.9630	5.86073	0.5
2021.9658	7.61083	0.5
2021.9685	8.97502	0.5
2021.9712	3.54543	0.5
2021.9740	11.08245	0.5
2021.9767	6.96163	0.5
2021.9795	7.93271	0.5
2021.9822	8.45922	0.5
2021.9849	6.87788	0.5
2021.9877	5.94556	0.5
2021.9904	8.96295	0.5
2021.9931	6.85844	0.5
2021.9959	5.70118	0.5
2021.9986	6.41204	0.5
2022.0014	7.26538	0.5
2022.0041	6.13763	0.5
2022.0068	7.84013	0.5
2022.0096	4.86774	0.5
2022.0123	6.59326	0.5
2022.0151	4.92914	0.5
2022.0178	3.8679	0.5
2022.0205	6.18837	0.5
2022.0233	5.20608	0.5
2022.0260	7.78196	0.5
2022.0288	4.53782	0.5
2022.0315	7.64015	0.5
2022.0342	4.6284	0.5
2022.0370	7.60654	0.5
2022.0397	1.53287	0.5
2022.0425	5.89948	0.5
2022.0452	6.91989	0.5
2022.0479	5.46479	0.5
2022.0507	6.21402	0.5
2022.0534	5.04101	0.5
2022.0562	5.2819	0.5
2022.0589	6.11738	0.5
2022.0616	5.90446	0.5
2022.0644	8.20432	0.5
2022.0671	4.72673	0.5
2022.0699	5.10994	0.5
2022.0726	4.74499	0.5
2022.0753	3.31082	0.5
2022.0781	3.18081	0.5
2022.0808	1.87011	0.5
2022.0836	2.94955	0.5
2022.0863	5.79813	0.5
2022.0890	2.28088	0.5
2022.0918	4.2375	0.5
2022.0945	2.82142	0.5
2022.0973	4.54107	0.5
2022.1000	4.768	0.5
2022.1027	1.14251	0.5
2022.1055	2.79025	0.5
2022.1082	5.80529	0.5
2022.1110	4.3594	0.5
2022.1137	5.80571	0.5
2022.1164	5.02871	0.5
2022.1192	4.73281	0.5
2022.1219	7.10735	0.5
2022.1247	6.99429	0.5
2022.1274	6.08292	0.5
2022.1301	2.21835	0.5
2022.1329	3.30245	0.5
2022.1356	-1.94797	0.5
2022.1384	3.03015	0.5
2022.1411	2.29926	0.5
2022.1438	3.21444	0.5
2022.1466	-0.47149	0.5
2022.1493	4.71035	0.5
2022.1521	0.90696	0.5
2022.1548	5.94	0.5
2022.1575	3.93572	0.5
2022.1603	4.75091	0.5
2022.1630	2.90133	0.5
2022.1658	5.81859	0.5
2022.1685	-0.03643	0.5
2022.1712	-0.02725	0.5
2022.1740	0.14996	0.5
2022.1767	6.4592	0.5
2022.1795	6.12996	0.5
2022.1822	4.34287	0.5
2022.1849	0.05478	0.5
2022.1877	2.06452	0.5
2022.1904	4.03527	0.5
2022.1931	1.44059	0.5
2022.1959	2.69175	0.5
2022.1986	5.46438	0.5
2022.2014	0.60965	0.5
2022.2041	3.86928	0.5
2022.2068	1.4811	0.5
2022.2096	3.01719	0.5
2022.2123	2.39734	0.5
2022.2151	3.55439	0.5
2022.2178	4.79995	0.5
2022.2205	2.40625	0.5
2022.2233	0.49499	0.5
2022.2260	-0.54588	0.5
2022.2288	1.05202	0.5
2022.2315	3.66987	0.5
2022.2342	2.38717	0.5
2022.2370	1.88203	0.5
2022.2397	1.05526	0.5
2022.2425	3.10286	0.5
2022.2452	3.42263	0.5
2022.2479	2.9398	0.5
2022.2507	-0.20659	0.5
2022.2534	2.15777	0.5
2022.2562	1.14542	0.5
2022.2589	3.43572	0.5
2022.2616	1.34491	0.5
2022.2644	2.07334	0.5
2022.2671	0.81452	0.5
2022.2699	-0.4092	0.5
2022.2726	-0.968	0.5
2022.2753	0.18357	0.5
2022.2781	-0.86925	0.5
2022.2808	3.61911	0.5
2022.2836	3.14656	0.5
2022.2863	3.31056	0.5
2022.2890	3.87756	0.5
2022.2918	-0.3797	0.5
2022.2945	1.0812	0.5
2022.2973	2.06886	0.5
2022.3000	-3.86918	0.5
2022.3027	0.05816	0.5
2022.3055	1.59089	0.5
2022.3082	2.74655	0.5
2022.3110	-0.82384	0.5
2022.3137	-2.25374	0.5
2022.3164	-2.39294	0.5
2022.3192	-2.71717	0.5
2022.3219	-0.27596	0.5
2022.3247	-1.24256	0.5
2022.3274	-0.04747	0.5
2022.3301	-1.27004	0.5
2022.3329	-1.48241	0.5
2022.3356	0.55292	0.5
2022.3384	2.83998	0.5
2022.3411	3.5903	0.5
2022.3438	2.13141	0.5
2022.3466	2.65575	0.5
2022.3493	1.34636	0.5
2022.3521	2.60024	0.5
2022.3548	1.55478	0.5
2022.3575	-1.69571	0.5
2022.3603	-1.95076	0.5
2022.3630	1.06835	0.5
2022.3658	2.5383	0.5
2022.3685	-0.61015	0.5
2022.3712	-0.88952	0.5
2022.3740	-2.22631	0.5
2022.3767	-0.31888	0.5
2022.3795	1.16501	0.5
2022.3822	-0.9953	0.5
2022.3849	-5.09463	0.5
2022.3877	-0.6435	0.5
2022.3904	-2.51947	0.5
2022.3931	-0.49419	0.5
2022.3959	-2.20957	0.5
2022.3986	-1.85769	0.5
2022.4014	-1.32588	0.5
2022.4041	-0.14992	0.5
2022.4068	-2.3728	0.5
2022.4096	-0.19183	0.5
2022.4123	1.84712	0.5
2022.4151	2.26952	0.5
2022.4178	-0.74752	0.5
2022.4205	0.35152	0.5
2022.4233	-1.31297	0.5
2022.4260	-1.23765	0.5
2022.4288	-2.1195	0.5
2022.4315	3.62729	0.5
2022.4342	0.40923	0.5
2022.4370	1.23577	0.5
2022.4397	0.10829	0.5
2022.4425	3.3023	0.5
2022.4452	-3.0488	0.5
2022.4479	0.61575	0.5
2022.4507	1.76417	0.5
2022.4534	-3.84488	0.5
2022.4562	-1.88206	0.5
2022.4589	-1.25823	0.5
2022.4616	1.02014	0.5
2022.4644	-0.76391	0.5
2022.4671	1.09436	0.5
2022.4699	-2.92106	0.5
2022.4726	-0.29291	0.5
2022.4753	1.47046	0.5
2022.4781	-1.39455	0.5
2022.4808	0.33736	0.5
2022.4836	-2.32181	0.5
2022.4863	-1.72659	0.5
2022.4890	-0.68931	0.5
2022.4918	0.24226	0.5
2022.4945	-3.55634	0.5
2022.4973	-1.81516	0.5
2022.5000	-3.45565	0.5
2022.5027	-1.88247	0.5
2022.5055	-1.35537	0.5
2022.5082	-4.36773	0.5
2022.5110	-0.47263	0.5
2022.5137	-2.60204	0.5
2022.5164	-3.11042	0.5
2022.5192	-0.06365	0.5
2022.5219	0.97658	0.5
2022.5247	-3.85238	0.5
2022.5274	-1.39866	0.5
2022.5301	-1.94991	0.5
2022.5329	-0.09608	0.5
2022.5356	-1.75731	0.5
2022.5384	-3.48977	0.5
2022.5411	-4.03971	0.5
2022.5438	-2.94691	0.5
2022.5466	-1.93762	0.5
2022.5493	-1.48822	0.5
2022.5521	0.41339	0.5
2022.5548	-3.7747	0.5
2022.5575	-3.97798	0.5
2022.5603	-1.28914	0.5
2022.5630	-3.95807	0.5
2022.5658	-6.98853	0.5
2022.5685	-4.73579	0.5
2022.5712	-5.20116	0.5
2022.5740	-2.1348	0.5
2022.5767	-7.2831	0.5
2022.5795	-8.07883	0.5
2022.5822	-5.23778	0.5
2022.5849	-5.62485	0.5
2022.5877	-4.4644	0.5
2022.5904	-4.12119	0.5
2022.5931	-3.81026	0.5
2022.5959	-4.08263	0.5
2022.5986	-2.74182	0.5
2022.6014	-3.6931	0.5
2022.6041	-4.46166	0.5
2022.6068	-2.04103	0.5
2022.6096	-2.2798	0.5
2022.6123	-3.83466	0.5
2022.6151	-5.81263	0.5
2022.6178	-7.2242	0.5
2022.6205	-1.9915	0.5
2022.6233	-5.58468	0.5
2022.6260	-6.69526	0.5
2022.6288	-4.80634	0.5
2022.6315	-6.09788	0.5
2022.6342	-6.37513	0.5
2022.6370	-4.25583	0.5
2022.6397	-8.21343	0.5
2022.6425	-6.76937	0.5
2022.6452	-5.63006	0.5
2022.6479	-7.48167	0.5
2022.6507	-5.96849	0.5
2022.6534	-6.74368	0.5
2022.6562	-3.33032	0.5
2022.6589	-4.56276	0.5
2022.6616	-4.92578	0.5
2022.6644	-5.84794	0.5
2022.6671	-6.10765	0.5
2022.6699	-6.67683	0.5
2022.6726	-10.52867	0.5
2022.6753	-5.91902	0.5
2022.6781	-6.64216	0.5
2022.6808	-3.49673	0.5
2022.6836	-7.5282	0.5
2022.6863	-4.48219	0.5
2022.6890	-5.9876	0.5
2022.6918	-9.41613	0.5
2022.6945	-8.35795	0.5
2022.6973	-5.48209	0.5
2022.7000	-2.20115	0.5
2022.7027	-8.23836	0.5
2022.7055	-6.42528	0.5
2022.7082	-4.3888	0.5
2022.7110	-6.18721	0.5
2022.7137	-6.30348	0.5
2022.7164	-6.88142	0.5
2022.7192	-3.96854	0.5
2022.7219	-4.24003	0.5
2022.7247	-4.77736	0.5
2022.7274	-3.73184	0.5
2022.7301	-2.52539	0.5
2022.7329	-1.5164	0.5
2022.7356	-4.76683	0.5
2022.7384	-6.06235	0.5
2022.7411	-4.55383	0.5
2022.7438	-4.03234	0.5
2022.7466	-7.2267	0.5
2022.7493	-7.2973	0.5
2022.7521	-3.27739	0.5
2022.7548	-7.49584	0.5
2022.7575	-3.38479	0.5
2022.7603	-6.81992	0.5
2022.7630	-5.95613	0.5
2022.7658	-0.8278	0.5
2022.7685	-6.21677	0.5
2022.7712	-6.76891	0.5
2022.7740	-4.5501	0.5
2022.7767	-5.94354	0.5
2022.7795	-6.8578	0.5
2022.7822	-7.60666	0.5
2022.7849	-7.70491	0.5
2022.7877	-6.21128	0.5
2022.7904	-4.20251	0.5
2022.7931	-6.73953	0.5
2022.7959	-6.24235	0.5
2022.7986	-6.5106	0.5
2022.8014	-5.46165	0.5
2022.8041	-7.54045	0.5
2022.8068	-6.40439	0.5
2022.8096	-5.9229	0.5
2022.8123	-8.03975	0.5
2022.8151	-9.15942	0.5
2022.8178	-5.42438	0.5
2022.8205	-6.45282	0.5
2022.8233	-8.97016	0.5
2022.8260	-9.19707	0.5
2022.8288	-7.95362	0.5
2022.8315	-7.63175	0.5
2022.8342	-5.97542	0.5
2022.8370	-6.63249	0.5
2022.8397	-6.59024	0.5
2022.8425	-8.38214	0.5
2022.8452	-6.18179	0.5
2022.8479	-8.40695	0.5
2022.8507	-9.39112	0.5
2022.8534	-11.20679	0.5
2022.8562	-7.57592	0.5
2022.8589	-7.48491	0.5
2022.8616	-8.40674	0.5
2022.8644	-7.39757	0.5
2022.8671	-6.59918	0.5
2022.8699	-10.80335	0.5
2022.8726	-9.32249	0.5
2022.8753	-5.09475	0.5
2022.8781	-11.48114	0.5
2022.8808	-9.7854	0.5
2022.8836	-10.5568	0.5
2022.8863	-8.74083	0.5
2022.8890	-6.42339	0.5
2022.8918	-8.14755	0.5
2022.8945	-9.38637	0.5
2022.8973	-10.57313	0.5
2022.9000	-10.06465	0.5
2022.9027	-9.33876	0.5
2022.9055	-12.994	0.5
2022.9082	-9.8162	0.5
2022.9110	-7.37839	0.5
2022.9137	-8.99021	0.5
2022.9164	-11.00526	0.5
2022.9192	-8.47783	0.5
2022.9219	-9.75713	0.5
2022.9247	-9.88247	0.5
2022.9274	-6.6002	0.5
2022.9301	-7.9069	0.5
2022.9329	-9.64652	0.5
2022.9356	-7.93164	0.5
2022.9384	-10.21892	0.5
2022.9411	-11.66931	0.5
2022.9438	-9.04494	0.5
2022.9466	-9.25714	0.5
2022.9493	-8.29407	0.5
2022.9521	-8.63046	0.5
2022.9548	-7.53134	0.5
2022.9575	-7.95057	0.5
2022.9603	-6.59602	0.5
2022.9630	-11.16155	0.5
2022.9658	-12.96556	0.5
2022.9685	-10.82826	0.5
2022.9712	-13.36395	0.5
2022.9740	-13.13809	0.5
2022.9767	-6.91031	0.5
2022.9795	-14.1071	0.5
2022.9822	-14.26322	0.5
2022.9849	-13.75384	0.5
2022.9877	-16.13262	0.5
2022.9904	-15.83212	0.5
2022.9931	-13.73745	0.5
2022.9959	-11.90138	0.5
2022.9986	-12.33654	0.5
2023.0014	-11.87036	0.5
2023.0041	-11.01339	0.5
2023.0068	-9.35236	0.5
2023.0096	-10.37965	0.5
2023.0123	-11.55848	0.5
2023.0151	-11.96027	0.5
2023.0178	-10.94582	0.5
2023.0205	-13.29518	0.5
2023.0233	-11.74709	0.5
2023.0260	-11.42855	0.5
2023.0288	-11.9774	0.5
2023.0315	-10.5331	0.5
2023.0342	-14.30299	0.5
2023.0370	-10.91183	0.5
2023.0397	-14.06613	0.5
2023.0425	-11.12835	0.5
2023.0452	-11.78319	0.5
2023.0479	-10.47849	0.5
2023.0507	-10.78285	0.5
2023.0534	-9.58322	0.5
2023.0562	-12.90906	0.5
2023.0589	-13.96037	0.5
2023.0616	-13.4954	0.5
2023.0644	-18.34992	0.5
2023.0671	-13.75438	0.5
2023.0699	-8.5905	0.5
2023.0726	-11.71105	0.5
2023.0753	-8.81804	0.5
2023.0781	-12.26753	0.5
2023.0808	-15.24292	0.5
2023.0836	-11.30229	0.5
2023.0863	-13.2905	0.5
2023.0890	-10.55437	0.5
2023.0918	-11.10952	0.5
2023.0945	-11.90902	0.5
2023.0973	-9.72325	0.5
2023.1000	-11.73481	0.5
2023.1027	-13.90622	0.5
2023.1055	-11.10258	0.5
2023.1082	-11.06438	0.5
2023.1110	-12.6924	0.5
2023.1137	-11.02165	0.5
2023.1164	-8.59363	0.5
2023.1192	-12.85546	0.5
2023.1219	-11.91215	0.5
2023.1247	-10.73585	0.5
2023.1274	-13.43289	0.5
2023.1301	-12.67776	0.5
2023.1329	-12.26278	0.5
2023.1356	-10.75831	0.5
2023.1384	-10.57947	0.5
2023.1411	-12.98622	0.5
2023.1438	-10.13394	0.5
2023.1466	-11.61975	0.5
2023.1493	-9.23225	0.5
2023.1521	-13.00384	0.5
2023.1548	-12.86661	0.5
2023.1575	-11.19808	0.5
2023.1603	-13.72588	0.5
2023.1630	-12.5514	0.5
2023.1658	-11.07554	0.5
2023.1685	-13.41945	0.5
2023.1712	-14.09009	0.5
2023.1740	-13.08683	0.5
2023.1767	-10.92996	0.5
2023.1795	-16.17058	0.5
2023.1822	-13.32641	0.5
2023.1849	-14.7499	0.5
2023.1877	-12.88493	0.5
2023.1904	-15.62051	0.5
2023.1931	-14.26453	0.5
2023.1959	-13.69856	0.5
2023.1986	-13.92219	0.5
2023.2014	-15.57564	0.5
2023.2041	-15.6822	0.5
2023.2068	-16.23113	0.5
2023.2096	-17.20059	0.5
2023.2123	-16.53283	0.5
2023.2151	-12.59753	0.5
2023.2178	-15.14152	0.5
2023.2205	-11.48357	0.5
2023.2233	-16.14757	0.5
2023.2260	-16.67559	0.5
2023.2288	-18.05945	0.5
2023.2315	-16.84874	0.5
2023.2342	-15.61057	0.5
2023.2370	-13.77599	0.5
2023.2397	-13.25679	0.5
2023.2425	-11.18268	0.5
2023.2452	-14.09923	0.5
2023.2479	-15.95165	0.5
2023.2507	-13.72771	0.5
2023.2534	-14.66298	0.5
2023.2562	-17.23695	0.5
2023.2589	-15.74091	0.5
2023.2616	-16.25864	0.5
2023.2644	-15.49226	0.5
2023.2671	-12.55495	0.5
2023.2699	-17.72759	0.5
2023.2726	-16.19132	0.5
2023.2753	-16.02384	0.5
2023.2781	-14.34466	0.5
2023.2808	-17.5732	0.5
2023.2836	-14.69558	0.5
2023.2863	-16.73972	0.5
2023.2890	-14.46305	0.5
2023.2918	-14.81103	0.5
2023.2945	-14.88157	0.5
2023.2973	-11.51254	0.5
2023.3000	-11.96769	0.5
2023.3027	-14.72136	0.5
2023.3055	-17.52929	0.5
2023.3082	-13.39291	0.5
2023.3110	-11.53665	0.5
2023.3137	-15.25346	0.5
2023.3164	-14.23244	0.5
2023.3192	-14.97446	0.5
2023.3219	-13.20881	0.5
2023.3247	-13.14612	0.5
2023.3274	-16.14728	0.5
2023.3301	-17.0366	0.5
2023.3329	-17.03764	0.5
2023.3356	-16.40155	0.5
2023.3384	-17.73091	0.5
2023.3411	-18.31499	0.5
2023.3438	-12.78558	0.5
2023.3466	-17.36749	0.5
2023.3493	-12.62825	0.5
2023.3521	-13.8562	0.5
2023.3548	-16.03989	0.5
2023.3575	-13.61846	0.5
2023.3603	-16.87387	0.5
2023.3630	-15.3957	0.5
2023.3658	-13.28685	0.5
2023.3685	-17.57638	0.5
2023.3712	-14.41252	0.5
2023.3740	-15.05304	0.5
2023.3767	-16.62825	0.5
2023.3795	-14.92707	0.5
2023.3822	-14.95554	0.5
2023.3849	-18.06119	0.5
2023.3877	-18.21616	0.5
2023.3904	-16.55171	0.5
2023.3931	-19.09924	0.5
2023.3959	-14.96547	0.5
2023.3986	-15.41174	0.5
2023.4014	-16.59991	0.5
2023.4041	-16.2997	0.5
2023.4068	-16.39321	0.5
2023.4096	-15.07426	0.5
2023.4123	-14.3201	0.5
2023.4151	-15.41316	0.5
2023.4178	-15.69022	0.5
2023.4205	-17.59406	0.5
2023.4233	-14.86254	0.5
2023.4260	-15.09152	0.5
2023.4288	-17.88074	0.5
2023.4315	-14.13197	0.5
2023.4342	-12.55978	0.5
2023.4370	-13.20882	0.5
2023.4397	-12.53019	0.5
2023.4425	-12.12584	0.5
2023.4452	-15.01034	0.5
2023.4479	-19.57477	0.5
2023.4507	-17.85619	0.5
2023.4534	-15.47205	0.5
2023.4562	-16.95803	0.5
2023.4589	-15.8719	0.5
2023.4616	-14.6494	0.5
2023.4644	-19.18962	0.5
2023.4671	-20.39531	0.5
2023.4699	-16.90542	0.5
2023.4726	-16.92094	0.5
2023.4753	-13.95495	0.5
2023.4781	-17.68692	0.5
2023.4808	-15.37651	0.5
2023.4836	-16.51015	0.5
2023.4863	-14.97091	0.5
2023.4890	-16.24371	0.5
2023.4918	-14.6097	0.5
2023.4945	-13.73269	0.5
2023.4973	-13.10276	0.5
2023.5000	-16.6191	0.5
2023.5027	-19.83346	0.5
2023.5055	-16.22458	0.5
2023.5082	-19.70451	0.5
2023.5110	-14.34458	0.5
2023.5137	-18.01981	0.5
2023.5164	-16.03737	0.5
2023.5192	-19.75064	0.5
2023.5219	-20.97598	0.5
2023.5247	-17.66099	0.5
2023.5274	-19.0106	0.5
2023.5301	-18.21762	0.5
2023.5329	-21.77804	0.5
2023.5356	-18.45362	0.5
2023.5384	-16.16263	0.5
2023.5411	-18.93577	0.5
2023.5438	-18.70577	0.5
2023.5466	-20.68855	0.5
2023.5493	-21.71851	0.5
2023.5521	-21.20831	0.5
2023.5548	-18.31678	0.5
2023.5575	-19.89639	0.5
2023.5603	-18.07733	0.5
2023.5630	-15.99932	0.5
2023.5658	-17.65019	0.5
2023.5685	-14.70271	0.5
2023.5712	-17.8318	0.5
2023.5740	-16.41759	0.5
2023.5767	-17.49976	0.5
2023.5795	-19.20057	0.5
2023.5822	-22.18755	0.5
2023.5849	-25.56548	0.5
2023.5877	-21.21788	0.5
2023.5904	-22.08114	0.5
2023.5931	-22.25052	0.5
2023.5959	-22.16753	0.5
2023.5986	-20.37308	0.5
2023.6014	-23.3412	0.5
2023.6041	-19.86871	0.5
2023.6068	-21.09532	0.5
2023.6096	-22.30354	0.5
2023.6123	-21.90776	0.5
2023.6151	-25.26617	0.5
2023.6178	-23.04578	0.5
2023.6205	-22.97604	0.5
2023.6233	-21.83935	0.5
2023.6260	-21.54708	0.5
2023.6288	-19.44301	0.5
2023.6315	-22.79027	0.5
2023.6342	-17.38151	0.5
2023.6370	-21.40105	0.5
2023.6397	-22.083	0.5
2023.6425	-25.04383	0.5
2023.6452	-20.00761	0.5
2023.6479	-18.46727	0.5
2023.6507	-20.43608	0.5
2023.6534	-20.5641	0.5
2023.6562	-19.65437	0.5
2023.6589	-20.87107	0.5
2023.6616	-19.00886	0.5
2023.6644	-20.89525	0.5
2023.6671	-16.96347	0.5
2023.6699	-22.39076	0.5
2023.6726	-21.67646	0.5
2023.6753	-21.10045	0.5
2023.6781	-17.56501	0.5
2023.6808	-21.40684	0.5
2023.6836	-20.44167	0.5
2023.6863	-23.21349	0.5
2023.6890	-18.13048	0.5
2023.6918	-19.01963	0.5
2023.6945	-19.33321	0.5
2023.6973	-21.48335	0.5
2023.7000	-21.04806	0.5
2023.7027	-20.55553	0.5
2023.7055	-19.3163	0.5
2023.7082	-21.15772	0.5
2023.7110	-20.25515	0.5
2023.7137	-21.58498	0.5
2023.7164	-22.93291	0.5
2023.7192	-20.65359	0.5
2023.7219	-20.79117	0.5
2023.7247	-20.83623	0.5
2023.7274	-18.87329	0.5
2023.7301	-23.5347	0.5
2023.7329	-24.90231	0.5
2023.7356	-22.33933	0.5
2023.7384	-20.35686	0.5
2023.7411	-21.47465	0.5
2023.7438	-17.93388	0.5
2023.7466	-20.02006	0.5
2023.7493	-20.91952	0.5
2023.7521	-21.04138	0.5
2023.7548	-18.28328	0.5
2023.7575	-18.54565	0.5
2023.7603	-19.26207	0.5
2023.7630	-21.96969	0.5
2023.7658	-24.5636	0.5
2023.7685	-21.25236	0.5
2023.7712	-24.21318	0.5
2023.7740	-23.32566	0.5
2023.7767	-21.59985	0.5
2023.7795	-22.15341	0.5
2023.7822	-22.86999	0.5
2023.7849	-22.50594	0.5
2023.7877	-21.53595	0.5
2023.7904	-20.00159	0.5
2023.7931	-18.65765	0.5
2023.7959	-21.02569	0.5
2023.7986	-21.01806	0.5
2023.8014	-23.93134	0.5
2023.8041	-21.37214	0.5
2023.8068	-23.16205	0.5
2023.8096	-24.44015	0.5
2023.8123	-24.49315	0.5
2023.8151	-22.57873	0.5
2023.8178	-25.96545	0.5
2023.8205	-24.17826	0.5
2023.8233	-21.23462	0.5
2023.8260	-21.0762	0.5
2023.8288	-22.41997	0.5
2023.8315	-26.56594	0.5
2023.8342	-22.11259	0.5
2023.8370	-22.83316	0.5
2023.8397	-22.145	0.5
2023.8425	-21.60534	0.5
2023.8452	-20.55162	0.5
2023.8479	-23.40246	0.5
2023.8507	-20.55646	0.5
2023.8534	-20.42483	0.5
2023.8562	-23.82784	0.5
2023.8589	-28.31104	0.5
2023.8616	-25.74324	0.5
2023.8644	-25.64356	0.5
2023.8671	-24.44312	0.5
2023.8699	-23.24298	0.5
2023.8726	-24.82293	0.5
2023.8753	-25.09316	0.5
2023.8781	-26.11916	0.5
2023.8808	-30.01688	0.5
2023.8836	-23.12942	0.5
2023.8863	-23.48689	0.5
2023.8890	-24.27591	0.5
2023.8918	-23.46171	0.5
2023.8945	-21.515	0.5
2023.8973	-26.65487	0.5
2023.9000	-24.37128	0.5
2023.9027	-22.52556	0.5
2023.9055	-25.3979	0.5
2023.9082	-24.05371	0.5
2023.9110	-23.48878	0.5
2023.9137	-21.88768	0.5
2023.9164	-24.95271	0.5
2023.9192	-24.82542	0.5
2023.9219	-25.46342	0.5
2023.9247	-22.6918	0.5
2023.9274	-24.00433	0.5
2023.9301	-23.19685	0.5
2023.9329	-23.27494	0.5
2023.9356	-24.74195	0.5
2023.9384	-25.07596	0.5
2023.9411	-22.24173	0.5
2023.9438	-27.11004	0.5
2023.9466	-26.44377	0.5
2023.9493	-24.44588	0.5
2023.9521	-22.78929	0.5
2023.9548	-19.35542	0.5
2023.9575	-23.25475	0.5
2023.9603	-24.4534	0.5
2023.9630	-24.00172	0.5
2023.9658	-26.01148	0.5
2023.9685	-23.28963	0.5
2023.9712	-26.14998	0.5
2023.9740	-22.63593	0.5
2023.9767	-25.90275	0.5
2023.9795	-28.81485	0.5
2023.9822	-27.26798	0.5
2023.9849	-28.24575	0.5
2023.9877	-23.77597	0.5
2023.9904	-22.77521	0.5
2023.9931	-25.71405	0.5
2023.9959	-24.35387	0.5
2023.9986	-25.57259	0.5